62800000000
62800000001
62800000002
62800000003
62800000004
62800000005
62800000006
62800000007
62800000008
62800000009
62800000010
62800000011
62800000012
62800000013
62800000014
62800000015
62800000016
62800000017
62800000018
62800000019
62800000020
62800000021
62800000022
62800000023
62800000024
62800000025
62800000026
62800000027
62800000028
62800000029
62800000030
62800000031
62800000032
62800000033
62800000034
62800000035
62800000036
62800000037
62800000038
62800000039
62800000040
62800000041
62800000042
62800000043
62800000044
62800000045
62800000046
62800000047
62800000048
62800000049
62800000050
62800000051
62800000052
62800000053
62800000054
62800000055
62800000056
62800000057
62800000058
62800000059
62800000060
62800000061
62800000062
62800000063
62800000064
62800000065
62800000066
62800000067
62800000068
62800000069
62800000070
62800000071
62800000072
62800000073
62800000074
62800000075
62800000076
62800000077
62800000078
62800000079
62800000080
62800000081
62800000082
62800000083
62800000084
62800000085
62800000086
62800000087
62800000088
62800000089
62800000090
62800000091
62800000092
62800000093
62800000094
62800000095
62800000096
62800000097
62800000098
62800000099
62800000100
62800000101
62800000102
62800000103
62800000104
62800000105
62800000106
62800000107
62800000108
62800000109
62800000110
62800000111
62800000112
62800000113
62800000114
62800000115
62800000116
62800000117
62800000118
62800000119
62800000120
62800000121
62800000122
62800000123
62800000124
62800000125
62800000126
62800000127
62800000128
62800000129
62800000130
62800000131
62800000132
62800000133
62800000134
62800000135
62800000136
62800000137
62800000138
62800000139
62800000140
62800000141
62800000142
62800000143
62800000144
62800000145
62800000146
62800000147
62800000148
62800000149
62800000150
62800000151
62800000152
62800000153
62800000154
62800000155
62800000156
62800000157
62800000158
62800000159
62800000160
62800000161
62800000162
62800000163
62800000164
62800000165
62800000166
62800000167
62800000168
62800000169
62800000170
62800000171
62800000172
62800000173
62800000174
62800000175
62800000176
62800000177
62800000178
62800000179
62800000180
62800000181
62800000182
62800000183
62800000184
62800000185
62800000186
62800000187
62800000188
62800000189
62800000190
62800000191
62800000192
62800000193
62800000194
62800000195
62800000196
62800000197
62800000198
62800000199
62800000200
62800000201
62800000202
62800000203
62800000204
62800000205
62800000206
62800000207
62800000208
62800000209
62800000210
62800000211
62800000212
62800000213
62800000214
62800000215
62800000216
62800000217
62800000218
62800000219
62800000220
62800000221
62800000222
62800000223
62800000224
62800000225
62800000226
62800000227
62800000228
62800000229
62800000230
62800000231
62800000232
62800000233
62800000234
62800000235
62800000236
62800000237
62800000238
62800000239
62800000240
62800000241
62800000242
62800000243
62800000244
62800000245
62800000246
62800000247
62800000248
62800000249
62800000250
62800000251
62800000252
62800000253
62800000254
62800000255
62800000256
62800000257
62800000258
62800000259
62800000260
62800000261
62800000262
62800000263
62800000264
62800000265
62800000266
62800000267
62800000268
62800000269
62800000270
62800000271
62800000272
62800000273
62800000274
62800000275
62800000276
62800000277
62800000278
62800000279
62800000280
62800000281
62800000282
62800000283
62800000284
62800000285
62800000286
62800000287
62800000288
62800000289
62800000290
62800000291
62800000292
62800000293
62800000294
62800000295
62800000296
62800000297
62800000298
62800000299
62800000300
62800000301
62800000302
62800000303
62800000304
62800000305
62800000306
62800000307
62800000308
62800000309
62800000310
62800000311
62800000312
62800000313
62800000314
62800000315
62800000316
62800000317
62800000318
62800000319
62800000320
62800000321
62800000322
62800000323
62800000324
62800000325
62800000326
62800000327
62800000328
62800000329
62800000330
62800000331
62800000332
62800000333
62800000334
62800000335
62800000336
62800000337
62800000338
62800000339
62800000340
62800000341
62800000342
62800000343
62800000344
62800000345
62800000346
62800000347
62800000348
62800000349
62800000350
62800000351
62800000352
62800000353
62800000354
62800000355
62800000356
62800000357
62800000358
62800000359
62800000360
62800000361
62800000362
62800000363
62800000364
62800000365
62800000366
62800000367
62800000368
62800000369
62800000370
62800000371
62800000372
62800000373
62800000374
62800000375
62800000376
62800000377
62800000378
62800000379
62800000380
62800000381
62800000382
62800000383
62800000384
62800000385
62800000386
62800000387
62800000388
62800000389
62800000390
62800000391
62800000392
62800000393
62800000394
62800000395
62800000396
62800000397
62800000398
62800000399
62800000400
62800000401
62800000402
62800000403
62800000404
62800000405
62800000406
62800000407
62800000408
62800000409
62800000410
62800000411
62800000412
62800000413
62800000414
62800000415
62800000416
62800000417
62800000418
62800000419
62800000420
62800000421
62800000422
62800000423
62800000424
62800000425
62800000426
62800000427
62800000428
62800000429
